medium-Room001 26.29 28.12 2.38 16.62 2.74 0.66 0.75
medium-Room002 25.69 15.83 3.81 11.11 11.00 2.89 0.78
medium-Room003 25.33 26.97 4.75 12.80 7.32 0.48 0.79
medium-Room004 16.93 22.46 4.39 2.13 18.47 0.11 0.65
medium-Room005 29.95 20.22 4.62 29.58 18.66 2.61 0.24
medium-Room006 14.39 11.66 4.85 1.65 0.14 1.05 0.21
medium-Room007 15.91 10.97 3.33 14.53 5.85 2.68 0.67
medium-Room008 18.93 26.22 2.43 15.78 8.92 1.50 0.78
medium-Room009 10.17 28.57 3.56 5.32 9.62 1.18 0.48
medium-Room010 10.61 26.17 2.14 4.84 21.01 0.77 0.60
medium-Room011 26.87 14.31 4.15 12.66 6.59 3.91 0.72
medium-Room012 24.66 22.04 3.35 0.08 11.24 0.48 0.75
medium-Room013 14.12 24.60 2.94 12.55 17.05 2.76 0.27
medium-Room014 13.00 16.42 3.78 0.81 0.13 2.93 0.29
medium-Room015 25.69 26.04 3.39 16.07 4.70 0.10 0.71
medium-Room016 20.63 22.88 3.22 12.57 14.48 2.44 0.36
medium-Room017 27.68 22.63 3.87 4.90 14.16 3.39 0.59
medium-Room018 21.95 21.67 2.34 20.70 4.64 0.40 0.44
medium-Room019 27.87 25.42 4.38 5.39 16.44 0.49 0.33
medium-Room020 16.35 28.90 3.86 14.37 21.17 2.27 0.48
medium-Room021 22.30 28.55 4.87 13.66 25.36 2.53 0.68
medium-Room022 15.64 18.44 3.96 4.57 17.83 3.09 0.75
medium-Room023 29.57 15.52 2.13 26.25 5.77 0.32 0.72
medium-Room024 21.70 21.50 2.62 4.98 21.26 2.11 0.23
medium-Room025 13.31 29.83 2.20 5.76 4.22 0.11 0.66
medium-Room026 22.94 24.62 4.59 3.47 12.93 1.04 0.21
medium-Room027 18.69 26.40 3.66 5.01 13.97 2.38 0.67
medium-Room028 26.77 27.93 3.46 4.07 17.39 2.97 0.35
medium-Room029 25.68 10.17 4.28 2.68 9.24 3.31 0.40
medium-Room030 29.17 20.48 2.98 20.69 3.91 1.68 0.49
medium-Room031 20.68 18.63 4.67 10.51 13.51 3.40 0.29
medium-Room032 29.01 19.93 3.73 16.51 12.24 0.56 0.79
medium-Room033 25.15 23.56 2.81 11.98 4.73 1.65 0.57
medium-Room034 20.29 17.05 3.91 6.89 13.62 0.93 0.36
medium-Room035 19.79 27.72 5.00 3.22 17.38 1.63 0.67
medium-Room036 13.91 10.26 4.84 1.40 4.63 3.62 0.52
medium-Room037 14.36 19.39 4.38 13.12 14.58 3.54 0.55
medium-Room038 15.70 12.45 3.44 3.57 7.22 0.90 0.50
medium-Room039 11.58 13.90 4.26 10.45 6.74 4.16 0.52
medium-Room040 29.58 27.04 3.49 20.99 25.78 0.90 0.73
medium-Room041 19.53 21.86 4.81 5.49 1.65 3.22 0.21
medium-Room042 28.43 25.15 4.79 0.37 8.13 1.39 0.70
medium-Room043 28.42 11.33 4.89 1.37 7.47 4.42 0.72
medium-Room044 26.18 24.00 4.93 2.46 3.24 0.29 0.76
medium-Room045 15.98 24.28 3.24 10.19 10.74 1.47 0.75
medium-Room046 14.86 22.12 3.30 1.41 1.31 2.88 0.46
medium-Room047 10.01 27.24 2.96 10.00 5.73 0.81 0.32
medium-Room048 27.78 22.24 4.93 4.94 8.72 1.22 0.54
medium-Room049 19.85 23.34 3.15 10.26 11.20 3.04 0.35
medium-Room050 29.65 27.98 3.36 17.24 12.18 2.37 0.20
medium-Room051 19.53 13.56 4.00 2.55 9.26 2.24 0.45
medium-Room052 23.38 12.00 4.32 14.32 3.31 1.76 0.20
medium-Room053 22.03 26.22 4.45 4.54 9.16 0.94 0.24
medium-Room054 11.86 29.76 4.95 9.02 3.53 4.50 0.73
medium-Room055 20.82 16.75 2.45 13.93 9.11 0.77 0.36
medium-Room056 21.63 15.68 4.79 0.67 14.27 0.80 0.42
medium-Room057 12.11 19.26 4.50 8.58 12.15 3.27 0.34
medium-Room058 18.78 24.02 2.17 16.85 13.45 0.52 0.32
medium-Room059 26.45 15.42 3.54 9.63 4.66 1.55 0.20
medium-Room060 21.38 17.63 3.19 18.38 1.49 1.93 0.22
medium-Room061 25.70 21.26 4.86 1.40 13.30 2.26 0.42
medium-Room062 14.05 26.16 2.01 8.01 3.90 1.46 0.74
medium-Room063 13.81 25.65 3.96 8.65 0.09 3.23 0.48
medium-Room064 24.60 24.57 4.45 23.04 14.49 3.65 0.60
medium-Room065 11.16 29.34 3.00 10.08 24.21 0.90 0.52
medium-Room066 15.09 19.83 4.86 4.53 15.72 0.92 0.43
medium-Room067 26.73 20.87 4.42 11.37 14.92 0.69 0.42
medium-Room068 18.18 29.61 4.15 3.68 20.51 0.38 0.34
medium-Room069 19.69 29.84 3.36 9.04 9.61 2.79 0.76
medium-Room070 24.95 20.40 3.22 21.58 0.63 2.55 0.55
medium-Room071 17.70 27.60 4.23 9.34 13.50 0.60 0.65
medium-Room072 24.32 17.30 4.31 20.14 13.77 1.93 0.58
medium-Room073 16.57 22.11 2.34 10.63 3.45 0.55 0.41
medium-Room074 19.94 22.54 4.98 9.44 18.75 2.04 0.39
medium-Room075 10.78 10.49 4.56 3.75 9.85 1.18 0.31
medium-Room076 19.71 21.34 3.78 16.79 0.09 2.40 0.44
medium-Room077 24.10 15.05 2.94 15.11 0.91 2.22 0.41
medium-Room078 24.70 13.72 4.00 19.26 6.00 3.00 0.52
medium-Room079 29.54 17.57 2.39 28.97 1.70 1.44 0.27
medium-Room080 18.65 27.61 3.04 4.60 12.71 2.67 0.52
medium-Room081 18.24 21.71 4.32 9.25 20.26 0.40 0.40
medium-Room082 26.63 20.72 2.69 0.87 16.78 1.83 0.35
medium-Room083 12.34 20.76 4.51 5.49 19.21 4.46 0.53
medium-Room084 17.04 24.71 2.92 0.78 4.71 2.38 0.39
medium-Room085 11.12 20.17 2.96 10.25 7.91 0.82 0.73
medium-Room086 21.09 24.71 4.79 18.12 18.60 4.21 0.72
medium-Room087 19.09 23.10 2.85 18.27 17.45 1.75 0.22
medium-Room088 25.48 10.91 4.01 0.03 7.87 1.76 0.43
medium-Room089 26.01 29.51 2.71 6.13 7.46 1.47 0.61
medium-Room090 29.30 25.53 2.58 18.99 7.02 1.76 0.58
medium-Room091 28.79 10.00 3.79 20.98 2.31 0.96 0.55
medium-Room092 21.75 17.38 3.55 6.31 16.89 1.55 0.66
medium-Room093 22.18 26.25 4.03 1.16 12.69 0.97 0.58
medium-Room094 29.40 15.70 4.07 6.20 8.99 3.09 0.43
medium-Room095 23.14 28.70 3.74 14.65 26.83 2.07 0.51
medium-Room096 26.33 13.10 2.89 12.74 8.56 0.27 0.42
medium-Room097 29.52 25.86 3.92 27.81 16.61 2.53 0.70
medium-Room098 22.65 20.51 2.97 18.03 8.55 1.04 0.46
medium-Room099 17.99 14.19 4.44 0.76 3.24 2.91 0.75
medium-Room100 22.24 16.32 3.43 12.50 2.73 2.11 0.47
medium-Room101 10.38 27.80 2.26 5.51 17.53 0.92 0.46
medium-Room102 19.72 10.05 3.46 11.78 4.58 2.86 0.42
medium-Room103 21.29 15.49 3.56 6.11 0.79 2.30 0.29
medium-Room104 15.30 17.82 3.21 6.76 2.01 0.08 0.28
medium-Room105 28.08 19.02 3.40 4.35 17.76 2.43 0.31
medium-Room106 12.51 20.60 4.58 8.86 16.63 1.23 0.71
medium-Room107 29.47 16.75 4.14 7.66 13.27 3.52 0.77
medium-Room108 18.73 24.34 4.96 8.79 13.00 2.45 0.35
medium-Room109 19.72 28.96 2.51 10.80 27.05 0.60 0.71
medium-Room110 20.55 26.04 4.44 18.85 23.65 2.73 0.50
medium-Room111 21.36 22.36 4.42 6.78 21.87 2.62 0.70
medium-Room112 26.99 26.57 3.02 4.33 19.64 0.80 0.45
medium-Room113 18.06 16.67 2.04 10.44 12.74 0.39 0.70
medium-Room114 17.41 22.26 4.70 0.16 0.13 3.67 0.53
medium-Room115 11.88 23.07 3.66 2.84 21.61 2.56 0.61
medium-Room116 19.75 18.95 4.95 12.98 6.78 2.86 0.66
medium-Room117 15.78 20.97 4.27 10.63 0.79 4.03 0.25
medium-Room118 29.91 29.94 3.78 27.84 0.71 1.58 0.47
medium-Room119 20.56 14.04 3.75 13.94 5.81 1.55 0.61
medium-Room120 12.36 23.89 3.00 1.86 23.57 1.71 0.74
medium-Room121 14.84 25.40 2.49 8.28 18.83 0.68 0.66
medium-Room122 27.18 13.82 3.82 2.58 3.15 0.82 0.49
medium-Room123 10.23 25.80 2.98 6.90 5.18 0.94 0.50
medium-Room124 18.32 15.41 2.97 16.21 13.94 0.87 0.41
medium-Room125 25.86 28.80 3.05 15.90 27.98 2.13 0.42
medium-Room126 14.29 10.01 3.55 11.67 9.54 2.73 0.64
medium-Room127 16.01 10.73 2.81 0.89 4.76 0.47 0.27
medium-Room128 12.79 24.42 2.88 10.14 3.62 1.57 0.75
medium-Room129 27.17 24.17 3.39 14.01 21.15 3.02 0.45
medium-Room130 12.63 26.22 2.84 5.29 12.87 2.05 0.61
medium-Room131 16.99 13.76 2.66 3.80 0.98 0.50 0.80
medium-Room132 16.33 21.70 4.19 9.09 19.22 3.46 0.50
medium-Room133 15.22 23.54 2.39 11.40 14.62 1.59 0.74
medium-Room134 26.55 29.35 2.15 17.81 9.47 1.21 0.56
medium-Room135 29.26 10.41 4.29 4.69 2.28 0.36 0.57
medium-Room136 21.92 11.94 3.65 12.61 5.68 0.37 0.34
medium-Room137 19.27 27.85 2.86 5.02 17.79 2.40 0.26
medium-Room138 19.51 12.91 2.00 1.36 3.52 1.65 0.43
medium-Room139 13.73 18.02 2.19 12.87 0.78 1.66 0.34
medium-Room140 12.85 14.09 4.17 6.16 7.22 0.02 0.57
medium-Room141 16.57 11.60 4.66 0.49 5.41 2.23 0.76
medium-Room142 16.67 12.17 4.03 11.51 8.25 3.22 0.23
medium-Room143 19.51 25.10 3.10 12.49 14.33 1.39 0.50
medium-Room144 16.57 19.37 3.96 14.08 13.64 1.47 0.40
medium-Room145 29.86 24.26 3.04 21.16 18.08 2.87 0.41
medium-Room146 11.92 21.54 3.95 2.56 1.91 2.49 0.78
medium-Room147 23.86 10.70 4.29 19.66 10.00 0.50 0.54
medium-Room148 28.98 16.77 4.40 13.99 8.16 0.30 0.27
medium-Room149 16.90 12.74 2.14 5.05 7.65 1.11 0.55
medium-Room150 25.44 16.24 2.21 2.86 11.85 1.03 0.33
medium-Room151 22.05 12.36 3.09 4.31 6.76 0.11 0.37
medium-Room152 25.38 18.05 3.40 11.59 5.43 2.54 0.56
medium-Room153 23.34 18.42 2.63 21.16 12.43 2.53 0.66
medium-Room154 12.05 16.85 3.97 8.37 4.34 3.53 0.36
medium-Room155 28.40 21.82 4.55 0.72 7.52 3.53 0.41
medium-Room156 17.85 27.33 4.87 9.60 8.38 0.19 0.39
medium-Room157 11.96 12.90 2.42 7.51 8.93 2.31 0.38
medium-Room158 28.51 11.90 2.22 14.16 5.22 1.31 0.61
medium-Room159 18.46 25.32 2.53 8.48 7.43 0.91 0.51
medium-Room160 18.55 22.77 3.66 11.06 8.94 2.04 0.79
medium-Room161 15.68 14.16 2.87 15.24 11.27 2.64 0.51
medium-Room162 10.40 11.80 3.05 8.39 0.16 1.07 0.51
medium-Room163 12.34 27.13 2.17 10.91 2.54 1.26 0.50
medium-Room164 12.71 23.12 3.20 9.25 11.99 2.48 0.33
medium-Room165 25.45 27.24 3.52 24.82 8.27 0.12 0.76
medium-Room166 11.17 28.80 2.67 8.42 4.34 1.56 0.63
medium-Room167 28.77 22.95 2.94 21.77 21.87 1.29 0.76
medium-Room168 11.76 22.49 2.64 10.28 16.27 2.44 0.73
medium-Room169 16.98 12.76 2.43 1.60 6.05 0.72 0.73
medium-Room170 21.68 28.25 2.41 14.24 14.52 1.38 0.60
medium-Room171 21.86 12.48 2.19 8.88 7.86 1.54 0.29
medium-Room172 14.86 29.88 2.35 7.62 11.90 0.48 0.34
medium-Room173 16.55 12.26 2.65 2.20 3.62 0.21 0.55
medium-Room174 15.41 24.88 4.65 10.99 0.67 0.95 0.29
medium-Room175 11.61 11.53 3.66 5.54 8.85 0.62 0.55
medium-Room176 25.21 25.29 3.66 7.56 10.59 3.03 0.44
medium-Room177 28.29 22.47 4.21 11.43 8.19 2.45 0.43
medium-Room178 10.16 23.86 2.44 8.76 5.50 1.49 0.41
medium-Room179 29.01 25.58 3.08 18.01 16.29 1.88 0.57
medium-Room180 29.10 16.52 2.36 21.14 3.45 0.60 0.32
medium-Room181 18.48 22.44 2.66 12.27 8.83 0.56 0.50
medium-Room182 26.38 14.86 3.11 23.90 9.91 0.17 0.72
medium-Room183 11.10 15.35 4.85 4.16 7.39 2.27 0.80
medium-Room184 26.42 29.41 2.06 15.01 2.70 0.16 0.79
medium-Room185 29.00 11.57 3.23 4.62 7.49 2.50 0.35
medium-Room186 22.48 27.15 3.39 4.45 6.77 0.36 0.60
medium-Room187 20.47 22.76 2.18 16.79 7.37 0.02 0.69
medium-Room188 22.85 11.70 4.18 22.03 3.41 1.35 0.67
medium-Room189 19.22 14.61 3.29 14.17 5.64 0.01 0.44
medium-Room190 25.92 20.44 2.51 6.48 2.02 1.08 0.34
medium-Room191 19.57 12.74 3.30 12.90 12.31 2.37 0.20
medium-Room192 11.54 12.31 4.06 1.74 11.72 2.07 0.36
medium-Room193 20.45 22.72 4.80 18.48 4.19 1.96 0.63
medium-Room194 20.99 23.85 3.50 10.53 7.15 0.15 0.41
medium-Room195 28.90 25.89 3.14 5.10 4.17 0.29 0.76
medium-Room196 19.31 11.11 2.57 16.81 0.47 1.18 0.27
medium-Room197 16.30 18.37 2.87 9.57 13.97 1.97 0.79
medium-Room198 18.91 29.99 4.09 16.86 13.81 1.86 0.53
medium-Room199 19.62 15.39 4.41 6.67 9.30 2.93 0.22
medium-Room200 29.00 23.91 2.03 19.18 5.45 0.37 0.77
