small-Room001 8.33 9.15 2.38 5.27 0.89 0.66 0.75
small-Room002 1.01 2.70 2.43 0.18 0.37 1.46 0.36
small-Room003 4.83 3.70 2.82 3.70 3.37 1.35 0.59
small-Room004 2.99 3.53 4.33 0.32 1.46 3.95 0.45
small-Room005 7.94 9.17 3.05 1.26 7.77 0.65 0.43
small-Room006 1.52 8.43 2.27 1.21 5.75 1.07 0.32
small-Room007 8.64 5.01 4.15 0.58 3.07 0.98 0.59
small-Room008 5.12 4.82 3.46 4.62 3.03 2.99 0.74
small-Room009 1.28 5.67 4.65 0.97 4.80 0.42 0.26
small-Room010 7.66 8.37 4.88 0.37 0.90 3.74 0.58
small-Room011 2.12 6.60 3.81 0.13 6.11 2.45 0.61
small-Room012 5.24 2.29 2.90 4.13 0.74 1.37 0.24
small-Room013 5.02 3.51 4.76 4.02 2.91 1.12 0.78
small-Room014 4.93 5.66 4.01 3.46 1.25 3.67 0.42
small-Room015 5.66 4.56 4.91 1.06 0.55 3.08 0.36
small-Room016 8.99 8.66 4.54 8.18 2.59 3.41 0.38
small-Room017 6.31 2.74 4.11 5.53 2.34 0.78 0.76
small-Room018 8.97 8.00 3.14 3.89 6.14 2.45 0.42
small-Room019 9.94 4.44 3.15 2.98 2.83 2.65 0.57
small-Room020 5.04 6.74 3.44 2.66 2.82 3.30 0.28
small-Room021 5.64 4.99 3.86 4.50 1.49 0.97 0.72
small-Room022 5.16 3.39 4.73 0.79 3.09 0.24 0.71
small-Room023 8.06 3.99 2.57 6.48 1.25 0.82 0.48
small-Room024 4.87 1.96 3.62 3.98 0.91 1.86 0.72
small-Room025 7.27 7.88 3.51 1.11 1.75 0.03 0.75
small-Room026 6.50 5.55 4.50 6.44 0.38 0.23 0.65
small-Room027 7.37 5.31 4.22 2.42 3.75 0.25 0.30
small-Room028 8.36 1.83 2.01 6.78 0.71 0.83 0.47
small-Room029 2.94 3.53 3.80 1.03 1.74 3.30 0.52
small-Room030 8.47 1.31 4.71 4.88 0.71 0.44 0.61
small-Room031 2.03 8.77 3.39 1.80 3.17 2.35 0.78
small-Room032 8.83 1.32 3.88 6.88 0.64 3.75 0.47
small-Room033 1.02 2.96 2.76 0.64 2.95 0.27 0.30
small-Room034 8.28 6.57 4.72 0.95 1.53 2.72 0.39
small-Room035 6.40 6.04 4.83 3.24 0.39 0.98 0.38
small-Room036 1.23 8.63 3.49 0.22 7.67 2.00 0.54
small-Room037 2.58 5.23 4.26 1.19 1.79 0.74 0.70
small-Room038 3.28 4.99 2.13 1.19 1.60 1.20 0.38
small-Room039 5.63 1.53 2.33 3.26 1.17 0.17 0.36
small-Room040 5.99 2.11 3.56 1.93 1.60 1.82 0.67
small-Room041 2.45 3.87 2.09 2.23 1.98 0.71 0.73
small-Room042 2.74 7.71 3.12 0.60 0.74 1.41 0.63
small-Room043 1.23 8.26 3.20 0.17 3.99 2.44 0.77
small-Room044 3.35 8.21 3.83 0.22 1.00 0.87 0.72
small-Room045 5.51 2.79 2.91 4.07 0.57 0.14 0.59
small-Room046 9.37 6.51 4.53 1.14 4.02 3.94 0.59
small-Room047 4.48 2.55 3.61 2.46 2.24 2.66 0.33
small-Room048 6.93 9.71 2.51 3.82 6.19 1.46 0.77
small-Room049 7.38 3.67 4.04 2.39 3.22 3.63 0.48
small-Room050 2.12 5.64 3.47 1.79 4.35 0.69 0.43
small-Room051 4.57 1.68 4.58 3.13 1.32 4.26 0.75
small-Room052 1.12 6.16 3.95 0.12 2.03 2.68 0.24
small-Room053 2.92 3.22 4.74 0.35 1.43 3.29 0.39
small-Room054 3.62 1.90 4.15 0.86 0.02 0.62 0.55
small-Room055 8.63 5.65 4.47 2.68 2.24 3.57 0.68
small-Room056 8.64 3.70 4.63 2.33 0.05 4.23 0.43
small-Room057 5.95 1.10 2.95 5.90 0.16 0.84 0.58
small-Room058 7.90 9.69 3.01 2.15 8.42 1.75 0.41
small-Room059 8.77 5.57 2.03 4.44 2.03 1.44 0.32
small-Room060 2.97 3.38 4.56 2.72 0.08 3.01 0.74
small-Room061 9.17 2.31 3.43 7.85 1.25 0.92 0.44
small-Room062 8.24 3.73 4.35 3.66 0.40 1.37 0.46
small-Room063 5.71 3.17 3.46 1.69 1.70 1.90 0.75
small-Room064 6.80 8.75 4.91 6.42 1.02 2.10 0.55
small-Room065 3.01 6.99 2.79 0.75 4.13 2.41 0.55
small-Room066 9.14 5.47 2.67 8.07 1.23 2.59 0.27
small-Room067 4.22 3.71 2.44 1.19 1.30 0.34 0.59
small-Room068 8.53 4.46 2.33 8.30 2.50 0.69 0.74
small-Room069 8.92 5.49 3.74 5.77 2.81 3.07 0.22
small-Room070 3.25 4.54 3.76 3.10 3.81 2.68 0.48
small-Room071 4.84 9.14 2.29 1.07 6.15 0.07 0.34
small-Room072 9.37 7.94 2.68 8.73 6.84 2.34 0.77
small-Room073 6.80 9.28 3.15 5.49 3.87 1.68 0.20
small-Room074 8.20 8.66 2.22 3.76 0.67 0.09 0.50
small-Room075 3.07 6.80 4.01 0.24 3.27 0.68 0.49
small-Room076 6.82 5.63 2.59 4.19 3.66 0.88 0.61
small-Room077 2.22 3.57 4.29 1.59 0.59 0.15 0.24
small-Room078 2.87 6.35 4.00 2.50 0.49 3.07 0.71
small-Room079 4.23 1.89 4.55 0.34 0.16 3.39 0.50
small-Room080 5.54 7.70 2.35 4.34 3.06 2.06 0.62
small-Room081 8.15 3.48 4.53 7.84 1.40 0.00 0.29
small-Room082 3.34 7.01 2.97 0.99 0.72 2.05 0.69
small-Room083 9.79 4.86 4.99 8.71 2.11 4.17 0.73
small-Room084 3.52 6.90 2.63 1.63 0.73 1.71 0.33
small-Room085 7.32 1.41 2.53 3.14 1.24 0.25 0.76
small-Room086 3.39 9.25 3.96 1.32 6.65 2.86 0.60
small-Room087 5.78 4.94 4.63 4.05 0.40 0.27 0.45
small-Room088 4.49 9.98 4.29 3.53 7.76 3.78 0.80
small-Room089 8.46 8.82 2.20 8.14 3.81 1.31 0.65
small-Room090 8.26 1.97 2.91 7.15 0.55 1.84 0.70
small-Room091 9.35 1.77 4.65 5.31 0.16 3.18 0.79
small-Room092 7.63 8.69 3.87 4.08 4.21 3.14 0.53
small-Room093 1.07 8.00 2.62 0.69 2.99 2.33 0.54
small-Room094 2.92 8.55 3.72 2.39 6.89 1.37 0.60
small-Room095 5.48 5.55 2.36 1.15 1.24 1.65 0.54
small-Room096 9.87 7.57 4.66 2.02 2.61 0.93 0.80
small-Room097 4.00 1.18 3.47 2.65 0.31 0.94 0.49
small-Room098 7.25 4.33 3.90 1.59 1.52 2.63 0.77
small-Room099 1.27 9.26 3.36 0.92 2.89 2.60 0.40
small-Room100 8.32 2.63 4.39 1.85 2.44 3.42 0.33
small-Room101 6.87 8.90 4.17 2.40 7.40 2.18 0.59
small-Room102 2.03 4.45 3.73 1.07 2.61 3.68 0.77
small-Room103 8.06 3.13 2.73 2.80 0.07 1.70 0.65
small-Room104 3.09 2.81 4.14 1.03 1.64 2.13 0.40
small-Room105 2.01 8.63 3.64 1.97 1.55 1.67 0.30
small-Room106 9.99 2.86 2.47 2.68 0.03 1.79 0.27
small-Room107 5.96 5.62 3.43 2.78 3.21 2.96 0.44
small-Room108 5.57 2.99 3.07 5.27 0.30 1.71 0.41
small-Room109 6.00 2.37 4.35 2.75 1.46 4.04 0.24
small-Room110 7.88 7.93 3.45 7.00 6.97 2.10 0.53
small-Room111 6.94 4.05 3.03 1.34 0.84 2.64 0.36
small-Room112 9.76 4.53 2.87 6.02 2.83 0.31 0.23
small-Room113 1.88 7.00 2.51 0.11 6.59 2.36 0.50
small-Room114 7.44 6.19 3.80 6.60 1.08 0.08 0.22
small-Room115 2.94 5.03 2.86 2.26 1.57 2.43 0.32
small-Room116 6.50 9.97 4.10 4.87 5.78 0.43 0.61
small-Room117 5.71 2.09 4.50 4.55 1.93 0.76 0.58
small-Room118 4.22 6.51 3.57 1.35 2.42 1.87 0.78
small-Room119 3.51 2.12 2.44 0.58 1.69 0.12 0.32
small-Room120 5.98 4.57 2.92 3.32 1.86 1.66 0.26
small-Room121 9.97 3.23 4.82 4.92 0.65 0.02 0.55
small-Room122 8.34 5.99 2.43 4.85 5.97 0.64 0.32
small-Room123 8.60 3.24 4.83 3.34 1.74 4.45 0.33
small-Room124 4.51 7.23 2.35 0.34 5.27 2.01 0.67
small-Room125 7.10 7.85 4.07 5.59 1.13 2.27 0.76
small-Room126 5.41 4.27 2.89 4.94 2.26 1.92 0.66
small-Room127 1.11 9.52 3.89 1.00 5.77 0.98 0.32
small-Room128 6.24 1.58 2.51 0.98 1.09 0.49 0.34
small-Room129 3.21 8.13 4.59 0.22 3.89 2.11 0.26
small-Room130 9.40 3.94 2.84 5.88 0.18 2.60 0.65
small-Room131 1.84 5.39 2.25 1.69 5.11 0.90 0.33
small-Room132 5.47 7.07 2.58 5.27 4.50 2.49 0.49
small-Room133 6.89 6.88 2.62 0.85 1.04 0.82 0.64
small-Room134 4.07 2.10 3.04 0.77 1.38 2.40 0.62
small-Room135 7.63 2.07 4.32 4.89 1.33 2.75 0.21
small-Room136 9.86 7.61 3.72 0.07 4.64 1.74 0.22
small-Room137 1.74 8.97 2.90 0.29 3.61 1.26 0.41
small-Room138 1.95 3.43 3.71 0.72 2.50 0.10 0.67
small-Room139 9.41 1.26 4.05 0.57 0.04 3.31 0.27
small-Room140 3.18 9.08 2.02 1.69 4.63 0.55 0.61
small-Room141 3.09 8.18 4.13 1.11 7.90 0.59 0.53
small-Room142 3.01 3.30 4.67 0.93 0.82 4.54 0.33
small-Room143 4.95 7.47 4.51 0.99 0.04 0.85 0.29
small-Room144 2.22 9.30 4.65 1.36 0.11 0.47 0.44
small-Room145 7.13 6.29 3.68 5.50 3.83 3.24 0.61
small-Room146 7.21 9.49 2.20 6.61 5.35 1.26 0.70
small-Room147 4.51 9.42 3.90 4.51 8.38 0.70 0.53
small-Room148 3.07 2.42 2.25 1.93 0.41 0.64 0.44
small-Room149 7.93 5.82 2.37 1.07 3.90 2.17 0.57
small-Room150 7.48 6.30 2.47 3.94 1.65 0.39 0.23
small-Room151 4.69 5.73 2.30 2.12 1.24 0.33 0.61
small-Room152 3.02 1.89 2.63 1.17 1.38 0.50 0.52
small-Room153 2.37 8.24 4.84 0.88 3.53 3.90 0.57
small-Room154 3.23 8.16 3.85 0.82 4.39 3.49 0.77
small-Room155 3.93 3.79 4.87 1.95 3.52 1.23 0.62
small-Room156 2.01 7.02 4.94 1.13 5.27 4.03 0.30
small-Room157 3.27 7.68 2.26 1.11 5.92 1.54 0.69
small-Room158 5.75 6.96 4.59 5.37 0.28 2.52 0.64
small-Room159 3.23 3.71 2.15 0.67 0.73 0.83 0.46
small-Room160 5.61 4.33 2.43 2.56 2.24 2.31 0.43
small-Room161 1.57 8.50 2.93 0.37 7.19 2.16 0.48
small-Room162 3.45 3.41 4.49 0.97 1.17 2.54 0.74
small-Room163 4.86 9.34 3.96 4.68 4.62 0.65 0.35
small-Room164 6.18 8.04 2.97 4.98 0.85 0.54 0.27
small-Room165 4.32 6.05 3.93 1.99 0.32 3.10 0.22
small-Room166 6.27 6.41 5.00 5.82 2.81 3.45 0.47
small-Room167 7.17 5.05 2.71 6.59 4.21 0.97 0.64
small-Room168 1.02 5.79 4.76 0.65 2.74 2.12 0.39
small-Room169 8.91 7.02 4.12 7.74 1.35 1.21 0.77
small-Room170 2.55 1.93 4.40 1.52 0.48 3.30 0.63
small-Room171 1.19 8.37 2.76 0.67 1.22 2.35 0.25
small-Room172 7.20 3.16 3.74 1.09 2.36 1.44 0.31
small-Room173 7.46 9.43 2.97 5.72 1.99 0.23 0.54
small-Room174 8.26 7.96 4.07 0.55 1.48 2.65 0.45
small-Room175 4.61 8.67 2.62 0.41 7.81 2.01 0.42
small-Room176 4.86 6.50 3.47 2.55 5.53 1.56 0.74
small-Room177 2.33 7.05 2.06 1.54 4.86 0.37 0.60
small-Room178 5.05 1.73 2.87 5.03 1.57 1.92 0.63
small-Room179 9.70 3.29 3.24 7.28 3.10 0.30 0.29
small-Room180 2.86 5.06 2.92 1.30 3.82 2.83 0.75
small-Room181 4.37 8.69 4.61 3.80 8.30 2.77 0.56
small-Room182 1.63 7.86 2.86 1.46 7.54 1.10 0.75
small-Room183 8.88 9.64 2.80 7.17 7.14 1.00 0.44
small-Room184 2.46 4.80 3.44 2.33 4.02 2.91 0.56
small-Room185 9.13 5.08 2.32 0.58 4.76 0.58 0.57
small-Room186 7.32 7.76 3.64 7.17 5.58 1.65 0.77
small-Room187 7.30 5.75 4.14 6.28 2.12 2.95 0.38
small-Room188 7.47 6.69 3.46 6.27 0.48 0.51 0.49
small-Room189 8.72 6.23 2.46 6.58 5.89 1.12 0.26
small-Room190 9.14 6.64 4.22 6.08 3.22 2.63 0.75
small-Room191 8.05 6.95 3.69 5.90 5.43 0.93 0.51
small-Room192 1.61 9.60 3.53 1.03 6.05 3.26 0.44
small-Room193 8.20 1.89 2.69 3.16 0.49 0.41 0.59
small-Room194 7.80 4.77 4.99 4.27 4.64 3.72 0.73
small-Room195 6.73 1.40 2.09 0.57 0.16 1.30 0.28
small-Room196 6.96 8.33 4.18 1.64 1.98 2.88 0.28
small-Room197 9.16 1.40 2.64 5.69 0.08 0.12 0.80
small-Room198 6.16 5.84 4.29 1.86 0.56 2.71 0.69
small-Room199 6.63 6.24 4.01 2.11 4.16 3.11 0.55
small-Room200 8.09 1.94 4.47 3.32 1.68 0.43 0.54
