large-Room001 46.29 48.12 2.38 29.27 4.69 0.66 0.75
large-Room002 48.96 31.64 2.32 8.15 19.65 1.33 0.29
large-Room003 45.45 34.56 3.11 38.92 13.91 0.99 0.73
large-Room004 44.94 35.21 4.07 5.55 6.72 0.59 0.28
large-Room005 48.45 40.93 3.42 14.97 38.92 3.36 0.50
large-Room006 43.15 33.22 3.30 16.20 15.96 1.13 0.50
large-Room007 42.11 41.53 4.42 36.98 37.48 0.67 0.59
large-Room008 48.09 35.84 4.18 13.11 6.10 2.78 0.40
large-Room009 48.09 42.67 4.72 0.68 13.50 0.53 0.58
large-Room010 43.69 41.09 2.02 16.45 6.02 0.15 0.37
large-Room011 37.89 31.93 2.80 35.50 18.14 2.63 0.68
large-Room012 36.21 43.08 3.18 35.43 22.33 1.61 0.27
large-Room013 32.44 35.81 2.19 2.20 6.63 1.68 0.29
large-Room014 46.79 42.37 4.22 15.22 31.61 3.68 0.76
large-Room015 33.44 33.90 2.45 0.58 15.97 0.11 0.50
large-Room016 44.57 37.97 4.06 33.79 1.93 2.61 0.24
large-Room017 35.42 34.62 4.11 34.49 29.86 2.55 0.39
large-Room018 49.15 44.97 2.62 10.79 20.21 2.46 0.60
large-Room019 47.17 30.79 3.92 27.22 27.07 0.72 0.50
large-Room020 38.05 45.44 2.75 25.96 44.41 0.51 0.72
large-Room021 47.18 38.49 3.69 45.33 2.28 0.44 0.64
large-Room022 43.80 42.56 4.33 1.16 26.20 0.86 0.72
large-Room023 36.61 30.30 4.43 29.33 12.12 3.63 0.64
large-Room024 34.19 46.73 4.57 11.90 45.22 1.49 0.66
large-Room025 44.09 37.70 3.09 3.86 9.64 1.27 0.78
large-Room026 38.42 37.92 2.31 29.82 17.93 0.74 0.49
large-Room027 43.18 30.39 3.79 4.92 20.30 2.06 0.40
large-Room028 40.22 32.92 3.32 12.80 30.47 2.40 0.47
large-Room029 46.89 45.21 3.95 32.76 10.32 2.78 0.76
large-Room030 35.24 34.19 4.21 18.17 24.29 4.17 0.44
large-Room031 45.54 34.98 3.60 38.78 26.28 0.64 0.24
large-Room032 33.33 38.77 2.89 30.81 9.79 1.73 0.53
large-Room033 31.58 38.65 4.41 12.79 18.00 1.63 0.51
large-Room034 34.52 39.52 2.13 6.90 20.67 1.55 0.69
large-Room035 37.26 43.79 3.21 35.65 10.80 0.12 0.34
large-Room036 32.82 36.88 2.44 15.42 31.00 1.30 0.49
large-Room037 48.30 35.45 4.56 30.63 31.15 0.53 0.24
large-Room038 38.04 42.58 3.89 36.39 14.19 2.61 0.41
large-Room039 34.62 31.28 3.51 34.10 18.94 1.68 0.34
large-Room040 41.76 34.33 2.10 15.77 32.95 0.89 0.80
large-Room041 39.05 45.84 4.50 16.08 41.28 1.77 0.31
large-Room042 36.05 40.95 3.85 0.77 21.96 0.07 0.52
large-Room043 48.58 30.76 3.33 3.52 10.29 0.69 0.69
large-Room044 38.24 41.68 4.97 23.78 5.86 3.99 0.21
large-Room045 42.82 41.17 4.04 19.44 27.39 1.31 0.40
large-Room046 30.55 31.03 3.18 10.93 16.44 2.40 0.78
large-Room047 47.07 46.01 4.68 36.44 14.08 0.94 0.28
large-Room048 31.18 44.76 3.19 5.07 26.69 0.44 0.33
large-Room049 42.50 36.28 4.55 32.28 25.16 3.20 0.25
large-Room050 42.06 43.85 2.10 25.06 24.40 0.55 0.39
large-Room051 47.33 36.45 4.29 23.91 17.16 2.94 0.73
large-Room052 49.73 43.06 2.60 6.29 42.50 2.50 0.25
large-Room053 37.95 44.37 4.16 19.66 3.46 2.38 0.61
large-Room054 34.86 41.39 2.20 29.25 29.97 1.68 0.32
large-Room055 45.27 39.36 4.04 23.94 37.65 1.63 0.56
large-Room056 37.54 42.98 3.43 25.97 12.11 2.26 0.26
large-Room057 30.58 41.26 2.92 15.68 36.59 0.32 0.47
large-Room058 48.51 42.85 4.38 18.42 36.38 4.24 0.53
large-Room059 41.26 30.04 2.03 40.65 10.75 0.19 0.33
large-Room060 38.16 47.12 4.18 23.63 14.25 2.68 0.41
large-Room061 44.10 37.18 2.35 30.05 4.03 1.59 0.27
large-Room062 42.13 41.86 3.92 38.67 37.60 0.69 0.69
large-Room063 37.57 40.69 4.85 13.57 5.87 2.86 0.27
large-Room064 48.11 33.39 4.57 24.17 26.78 4.07 0.33
large-Room065 39.87 32.03 3.13 19.33 15.51 1.48 0.34
large-Room066 36.69 41.87 2.22 13.87 38.52 1.39 0.63
large-Room067 45.65 34.74 4.32 12.18 4.35 1.66 0.25
large-Room068 36.30 43.57 2.45 35.33 15.65 2.13 0.41
large-Room069 42.61 49.60 4.34 30.46 1.16 1.01 0.24
large-Room070 38.85 32.56 2.85 37.40 22.26 1.45 0.54
large-Room071 45.31 41.91 3.36 37.44 8.38 1.26 0.78
large-Room072 32.02 45.98 2.67 25.37 32.57 1.57 0.23
large-Room073 43.42 49.58 2.33 1.57 16.54 1.61 0.71
large-Room074 36.16 31.26 2.48 14.09 5.97 1.85 0.75
large-Room075 30.63 36.98 2.91 28.18 19.90 2.59 0.33
large-Room076 42.04 44.56 3.62 41.22 12.33 2.54 0.64
large-Room077 48.34 38.78 3.13 31.59 10.27 1.78 0.61
large-Room078 41.11 32.09 4.95 2.65 31.67 2.10 0.65
large-Room079 42.56 48.60 2.58 6.72 26.86 2.39 0.29
large-Room080 45.84 30.13 2.61 10.20 10.23 2.52 0.28
large-Room081 37.34 32.59 2.62 26.92 15.31 2.48 0.51
large-Room082 39.04 45.92 4.14 27.21 7.57 4.14 0.32
large-Room083 44.40 32.08 2.52 33.58 4.34 0.28 0.35
large-Room084 47.90 48.24 3.25 23.02 2.89 1.15 0.68
large-Room085 42.47 44.34 2.04 38.13 31.63 0.72 0.62
large-Room086 40.49 43.81 4.10 23.51 41.75 1.06 0.60
large-Room087 39.34 30.77 3.51 31.07 22.39 2.29 0.62
large-Room088 36.67 41.03 4.06 4.55 5.90 0.33 0.72
large-Room089 46.14 30.17 4.56 9.35 16.12 0.81 0.45
large-Room090 44.70 42.57 4.86 9.15 32.42 3.67 0.53
large-Room091 35.94 33.40 3.31 27.12 18.44 2.79 0.41
large-Room092 32.01 41.95 4.18 22.27 21.88 2.69 0.57
large-Room093 49.04 34.17 3.59 3.48 17.86 0.25 0.62
large-Room094 45.32 32.40 3.17 31.46 7.92 2.54 0.33
large-Room095 35.77 47.32 4.47 23.31 17.89 2.03 0.42
large-Room096 46.50 35.15 2.37 38.38 33.93 1.41 0.63
large-Room097 46.04 45.56 4.04 17.02 41.44 2.52 0.46
large-Room098 45.87 31.45 2.42 23.99 9.94 1.82 0.57
large-Room099 42.78 43.40 4.87 7.71 42.13 4.02 0.22
large-Room100 47.72 36.84 4.43 30.91 1.75 3.90 0.22
large-Room101 39.68 31.94 4.69 27.84 14.66 1.83 0.42
large-Room102 35.84 34.79 2.65 16.96 3.67 1.55 0.49
large-Room103 33.52 37.64 4.14 13.27 32.89 0.13 0.43
large-Room104 39.80 30.46 2.62 9.58 2.92 0.52 0.74
large-Room105 39.93 37.60 3.27 20.14 33.77 0.45 0.64
large-Room106 38.98 31.51 4.95 24.19 21.92 4.94 0.51
large-Room107 31.99 44.84 3.04 15.79 33.68 2.67 0.29
large-Room108 40.95 40.69 4.06 27.12 10.54 1.45 0.75
large-Room109 43.01 41.57 2.05 30.39 3.38 0.85 0.68
large-Room110 44.31 40.18 2.67 20.47 20.34 0.97 0.58
large-Room111 48.09 47.74 4.71 21.59 29.51 3.10 0.70
large-Room112 45.18 33.03 2.04 16.76 27.33 0.47 0.22
large-Room113 39.94 49.29 2.33 29.08 31.26 2.06 0.35
large-Room114 36.64 39.42 4.73 7.07 4.35 4.72 0.79
large-Room115 35.94 38.36 4.19 17.88 19.95 2.61 0.36
large-Room116 46.51 45.77 4.68 10.74 22.63 0.38 0.72
large-Room117 35.59 40.71 3.77 33.59 16.44 1.03 0.38
large-Room118 48.67 36.45 2.02 11.76 3.99 1.10 0.71
large-Room119 41.08 34.57 3.30 4.96 22.02 3.07 0.49
large-Room120 32.02 49.19 3.56 13.12 3.99 3.22 0.39
large-Room121 35.57 39.39 4.25 14.77 38.64 1.90 0.56
large-Room122 39.68 44.87 4.98 1.84 44.05 1.23 0.45
large-Room123 33.75 49.90 4.32 16.61 0.53 1.08 0.27
large-Room124 32.53 34.55 4.38 14.07 0.56 2.24 0.63
large-Room125 32.41 43.27 2.03 17.98 19.48 0.91 0.74
large-Room126 41.28 32.18 2.77 12.79 7.95 0.35 0.40
large-Room127 38.60 33.62 3.19 28.11 31.01 1.33 0.60
large-Room128 39.00 44.50 3.28 17.29 24.96 1.94 0.59
large-Room129 45.38 45.62 2.86 11.73 3.01 1.28 0.51
large-Room130 48.54 41.45 3.39 16.30 19.16 2.99 0.54
large-Room131 48.74 35.96 2.36 36.77 34.42 2.31 0.59
large-Room132 32.10 32.29 2.62 0.06 13.11 0.57 0.27
large-Room133 33.38 42.59 4.04 5.82 31.48 0.38 0.67
large-Room134 40.71 33.37 3.16 32.21 0.13 2.75 0.38
large-Room135 34.73 42.03 3.45 7.39 4.51 2.59 0.51
large-Room136 38.68 30.42 2.02 4.99 30.03 1.87 0.44
large-Room137 49.78 45.75 4.45 3.98 44.11 1.64 0.58
large-Room138 43.05 44.08 4.18 33.48 23.69 2.15 0.74
large-Room139 43.10 49.66 4.78 36.84 21.00 2.10 0.73
large-Room140 35.15 49.33 2.70 3.48 7.63 0.80 0.54
large-Room141 45.56 36.80 4.09 39.68 30.11 2.75 0.21
large-Room142 45.38 47.79 4.19 36.69 46.73 3.23 0.67
large-Room143 45.69 36.22 3.90 7.68 20.29 2.05 0.24
large-Room144 44.62 49.33 4.79 4.34 39.69 4.22 0.44
large-Room145 32.39 47.72 3.21 28.12 38.31 1.89 0.60
large-Room146 39.53 31.84 2.63 34.65 1.85 0.65 0.67
large-Room147 31.41 30.00 2.03 23.47 29.02 0.70 0.72
large-Room148 42.96 36.57 3.95 2.48 33.25 3.25 0.67
large-Room149 47.53 45.72 2.15 4.08 0.64 0.04 0.40
large-Room150 46.97 42.71 4.37 26.35 30.15 3.76 0.64
large-Room151 32.83 48.71 2.89 30.17 27.80 0.79 0.24
large-Room152 46.53 36.39 2.47 16.99 14.24 2.24 0.52
large-Room153 40.99 36.20 4.56 17.83 29.21 2.01 0.44
large-Room154 31.73 40.98 3.71 15.47 2.97 0.77 0.30
large-Room155 32.96 38.71 4.59 20.85 1.38 3.25 0.76
large-Room156 39.92 43.70 4.74 1.01 2.42 0.20 0.74
large-Room157 45.26 37.82 3.11 36.36 8.34 1.24 0.33
large-Room158 38.63 41.86 2.77 8.95 0.74 2.49 0.54
large-Room159 38.66 35.22 3.09 3.53 26.23 0.50 0.41
large-Room160 38.00 39.34 3.37 23.07 5.25 0.09 0.20
large-Room161 39.85 41.38 4.13 1.01 36.48 3.52 0.28
large-Room162 47.17 48.06 2.35 46.45 9.90 2.24 0.77
large-Room163 44.34 33.46 3.99 32.78 11.81 2.45 0.65
large-Room164 37.23 43.34 3.95 19.61 3.33 2.99 0.25
large-Room165 35.22 36.92 2.16 28.35 21.53 0.96 0.65
large-Room166 37.96 48.28 4.43 11.43 40.30 1.13 0.46
large-Room167 32.48 34.84 4.20 29.86 34.70 2.06 0.65
large-Room168 48.53 49.73 4.37 29.22 3.37 4.05 0.33
large-Room169 32.53 36.75 3.11 26.47 13.72 0.37 0.47
large-Room170 43.61 38.99 4.31 28.50 15.61 4.09 0.39
large-Room171 34.38 37.33 3.24 25.03 10.68 2.72 0.45
large-Room172 35.44 45.26 2.27 14.30 26.65 1.04 0.31
large-Room173 38.85 33.10 2.82 11.25 27.76 2.09 0.37
large-Room174 42.62 47.56 3.52 1.59 25.60 0.00 0.65
large-Room175 47.45 37.66 4.59 33.81 1.92 4.21 0.22
large-Room176 34.38 49.77 3.21 6.64 27.27 2.98 0.37
large-Room177 33.80 46.62 3.94 25.91 39.71 2.83 0.60
large-Room178 44.12 35.42 2.87 41.35 24.47 1.89 0.37
large-Room179 45.48 34.92 3.07 39.92 9.67 2.40 0.50
large-Room180 43.43 33.04 3.58 15.24 29.91 1.79 0.34
large-Room181 48.81 36.03 3.89 31.68 23.65 1.43 0.24
large-Room182 48.28 31.94 2.14 37.46 15.67 0.35 0.53
large-Room183 36.50 31.33 3.65 32.97 5.85 0.97 0.26
large-Room184 47.16 35.16 3.59 19.97 5.09 1.44 0.26
large-Room185 34.85 49.02 2.10 4.34 10.91 1.79 0.37
large-Room186 42.94 41.16 3.63 18.57 12.48 3.24 0.31
large-Room187 42.99 43.55 3.26 34.74 18.24 0.41 0.68
large-Room188 34.87 31.94 3.92 14.23 7.67 0.59 0.38
large-Room189 39.89 47.37 3.07 32.78 42.39 2.14 0.73
large-Room190 48.66 42.97 2.33 0.59 28.31 0.40 0.67
large-Room191 44.66 38.24 2.11 32.87 28.20 1.15 0.35
large-Room192 47.47 43.02 4.64 15.26 22.40 3.47 0.20
large-Room193 39.36 36.60 4.10 8.23 27.76 1.15 0.35
large-Room194 42.04 36.60 4.85 15.00 36.40 0.66 0.50
large-Room195 36.35 35.13 2.59 11.15 6.96 1.32 0.57
large-Room196 46.66 32.79 2.05 2.81 20.34 0.29 0.45
large-Room197 36.15 43.27 4.66 26.45 41.49 3.84 0.67
large-Room198 37.01 49.49 2.67 12.11 35.54 2.59 0.47
large-Room199 40.73 30.92 3.83 13.90 30.56 2.15 0.31
large-Room200 37.29 43.30 3.86 31.19 36.71 1.42 0.21
